kinematics:
  shoulder:
    x: 0
    y: 0
    z: 0.18058553994650806
    roll: -0
    pitch: 0
    yaw: 3.149347574220307e-08
  upper_arm:
    x: 0.00010598569779273998
    y: 0
    z: 0
    roll: 1.5698909697408274
    pitch: 0
    yaw: -4.4480922212208895e-06
  forearm:
    x: -0.61232265722187629
    y: 0
    z: 0
    roll: 3.1415703174249514
    pitch: 3.1406214400004213
    yaw: -3.1415919856176378
  wrist_1:
    x: -0.57156971618979879
    y: -0.00060832598385076914
    z: 0.17419342163154888
    roll: 0.0034922301035814566
    pitch: -0.00096154040540104605
    yaw: -2.6285120825340393e-06
  wrist_2:
    x: 9.1611735134428657e-06
    y: -0.11986706683133631
    z: -3.3630133012779537e-05
    roll: 1.5710768886958373
    pitch: 0
    yaw: 7.6826698173354524e-07
  wrist_3:
    x: -2.3367962667912147e-05
    y: 0.11549605786590837
    z: 9.7147268098295216e-05
    roll: 1.5716374571934812
    pitch: 3.1415926535897931
    yaw: -3.1415926158767293
  hash: calib_6750344094640568233